camera_matrix:
  rows: 3
  cols: 3
  data: [[379.323,       0, 320.000], 
         [      0, 379.323, 240.000], 
         [      0,       0,       1]]

distortion_coefficient:
  rows: 1
  cols: 4
  data: [ -0.387839,  0.143591,  -0.005453,  -0.000391]

extrinsic_matrix:
  rows: 3
  cols: 4
  data: [[-9.97210135e-01, -7.11563416e-02, 2.25548726e-02, 4.71870542e-04],
         [ 2.27639239e-02, -2.12825397e-03, 9.99738603e-01, 8.55796672e-02],
         [-7.10897391e-02,  9.97462904e-01, 3.74211397e-03, 1.72868285e-01]]